2905,
0
0.000337496
0.000674992
0.00101249
0.00134998
0.00168748
0.00202497
0.00236247
0.00269997
0.00303746
0.00337496
0.00371245
0.00404995
0.00438745
0.00472494
0.00506244
0.00539993
0.00573743
0.00607492
0.00641242
0.00674992
0.00708741
0.00742491
0.0077624
0.0080999
0.00843739
0.00877489
0.00911239
0.00944988
0.00978738
0.0101249
0.0104624
0.0107999
0.0111374
0.0114749
0.0118124
0.0121498
0.0124873
0.0128248
0.0131623
0.0134998
0.0138373
0.0141748
0.0145123
0.0148498
0.0151873
0.0155248
0.0158623
0.0161998
0.0165373
0.0168748
0.0172123
0.0178873
0.0182248
0.0185623
0.0188998
0.0192373
0.0195748
0.0199123
0.0202497
0.0205872
0.0209247
0.0212622
0.0215997
0.0219372
0.0222747
0.0226122
0.0229497
0.0232872
0.0236247
0.0239622
0.0242997
0.0246372
0.0249747
0.0253122
0.0256497
0.0259872
0.0263247
0.0266622
0.0273372
0.0280121
0.0290246
0.0293621
0.0296996
0.0300371
0.0303746
0.0307121
0.0310496
0.0313871
0.0317246
0.0320621
0.0323996
0.0327371
0.0330746
0.0334121
0.0337496
0.0340871
0.0344246
0.0347621
0.0350996
0.0354371
0.0357746
0.036112
0.0364495
0.036787
0.0371245
0.037462
0.0377995
0.038137
0.0384745
0.038812
0.0391495
0.039487
0.0398245
0.040162
0.0404995
0.040837
0.0411745
0.041512
0.0418495
0.042187
0.0425245
0.042862
0.0431995
0.043537
0.0438745
0.0442119
0.0445494
0.0448869
0.0452244
0.0455619
0.0458994
0.0462369
0.0465744
0.0469119
0.0472494
0.0475869
0.0479244
0.0482619
0.0485994
0.0489369
0.0492744
0.0496119
0.0499494
0.0502869
0.0506244
0.0509619
0.0512994
0.0516369
0.0519744
0.0523118
0.0526493
0.0529868
0.0533243
0.0536618
0.0539993
0.0543368
0.0546743
0.0550118
0.0553493
0.0556868
0.0560243
0.0563618
0.0566993
0.0570368
0.0573743
0.0577118
0.0580493
0.0583868
0.0593993
0.0597368
0.0600742
0.0604117
0.0607492
0.0610867
0.0614242
0.0617617
0.0620992
0.0624367
0.0627742
0.0631117
0.0634492
0.0637867
0.0641242
0.0644617
0.0647992
0.0651367
0.0654742
0.0658117
0.0661492
0.0664867
0.0668242
0.0671617
0.0674992
0.0678367
0.0681741
0.0685116
0.0691866
0.0695241
0.0698616
0.0701991
0.0705366
0.0708741
0.0712116
0.0715491
0.0718866
0.0722241
0.0725616
0.0793115
0.079649
0.0799865
0.080324
0.0806615
0.080999
0.0813365
0.081674
0.0820115
0.082349
0.0826865
0.083024
0.0833615
0.083699
0.0840364
0.0843739
0.0847114
0.0850489
0.0853864
0.0857239
0.0860614
0.0863989
0.0867364
0.0870739
0.0874114
0.0877489
0.0880864
0.0884239
0.0887614
0.0890989
0.0894364
0.0897739
0.0901114
0.0904489
0.0907864
0.0911239
0.0914614
0.0917989
0.0921363
0.0924738
0.0928113
0.0931488
0.0934863
0.0938238
0.0941613
0.0944988
0.0948363
0.0951738
0.0955113
0.0958488
0.0961863
0.0965238
0.0968613
0.0971988
0.0975363
0.0978738
0.0982113
0.0985488
0.0988863
0.0992238
0.0995613
0.0998988
0.100236
0.100574
0.100911
0.101249
0.101586
0.101924
0.102261
0.102599
0.102936
0.103274
0.103611
0.103949
0.104286
0.104624
0.104961
0.105299
0.105636
0.105974
0.106311
0.107324
0.107661
0.107999
0.108336
0.108674
0.109011
0.109349
0.109686
0.110024
0.110361
0.110699
0.111036
0.111374
0.111711
0.112049
0.112386
0.112724
0.113061
0.113399
0.113736
0.114074
0.114411
0.114749
0.115086
0.115424
0.115761
0.116099
0.116436
0.116774
0.117111
0.117449
0.117786
0.118124
0.118461
0.118799
0.119136
0.119474
0.119811
0.120148
0.120486
0.120823
0.121161
0.121498
0.121836
0.122173
0.122511
0.122848
0.123186
0.123523
0.123861
0.124198
0.124536
0.124873
0.125211
0.125548
0.125886
0.126223
0.126561
0.126898
0.127236
0.127573
0.127911
0.128248
0.128586
0.128923
0.129261
0.129598
0.129936
0.130273
0.130611
0.130948
0.131286
0.131623
0.131961
0.132298
0.132636
0.132973
0.133311
0.133648
0.133986
0.134323
0.134661
0.134998
0.135336
0.135673
0.136011
0.136348
0.136686
0.137023
0.137361
0.137698
0.138036
0.138373
0.138711
0.139048
0.139386
0.139723
0.140061
0.140398
0.140736
0.141073
0.141411
0.141748
0.142086
0.142423
0.142761
0.143098
0.143436
0.143773
0.144111
0.144448
0.144786
0.145123
0.145461
0.145798
0.146136
0.146473
0.146811
0.147148
0.147486
0.147823
0.148161
0.148498
0.148836
0.149173
0.149511
0.149848
0.150186
0.150523
0.150861
0.151198
0.151536
0.151873
0.152211
0.152548
0.152886
0.153223
0.153561
0.153898
0.154236
0.154573
0.154911
0.155248
0.155586
0.155923
0.156261
0.156598
0.156936
0.157273
0.157611
0.157948
0.158286
0.158623
0.158961
0.159298
0.159636
0.159973
0.16031
0.160648
0.160985
0.161323
0.16166
0.161998
0.162335
0.162673
0.16301
0.163348
0.163685
0.164023
0.16436
0.164698
0.165035
0.165373
0.16571
0.166048
0.166385
0.166723
0.16706
0.167398
0.167735
0.168073
0.16841
0.168748
0.169085
0.169423
0.16976
0.170098
0.170435
0.170773
0.17111
0.171448
0.171785
0.172123
0.17246
0.172798
0.173135
0.173473
0.17381
0.174148
0.174485
0.174823
0.17516
0.175498
0.175835
0.176173
0.17651
0.176848
0.177185
0.177523
0.17786
0.178198
0.178535
0.178873
0.17921
0.179548
0.179885
0.180223
0.18056
0.180898
0.181235
0.181573
0.18191
0.182248
0.182585
0.182923
0.18326
0.183598
0.183935
0.184273
0.18461
0.184948
0.185285
0.185623
0.18596
0.186298
0.186635
0.186973
0.18731
0.187648
0.187985
0.188323
0.18866
0.188998
0.189335
0.189673
0.19001
0.190348
0.190685
0.191023
0.19136
0.191698
0.192035
0.192373
0.19271
0.193048
0.193385
0.193723
0.19406
0.194398
0.194735
0.195073
0.19541
0.195748
0.196085
0.196423
0.19676
0.197098
0.197435
0.197773
0.19811
0.198448
0.198785
0.199123
0.19946
0.199798
0.200135
0.200472
0.20081
0.201147
0.201485
0.201822
0.20216
0.202497
0.202835
0.203172
0.20351
0.203847
0.204185
0.204522
0.20486
0.205197
0.205535
0.205872
0.20621
0.206547
0.206885
0.207222
0.20756
0.207897
0.208235
0.208572
0.20891
0.209247
0.209585
0.209922
0.21026
0.210597
0.210935
0.211272
0.21161
0.211947
0.212285
0.212622
0.21296
0.213297
0.213635
0.213972
0.21431
0.214647
0.214985
0.215322
0.21566
0.215997
0.216335
0.216672
0.21701
0.217347
0.217685
0.218022
0.21836
0.218697
0.219035
0.219372
0.21971
0.220047
0.220722
0.222072
0.22241
0.222747
0.223085
0.223422
0.22376
0.224097
0.224435
0.224772
0.22511
0.225447
0.225785
0.226122
0.22646
0.226797
0.227135
0.228485
0.228822
0.22916
0.229497
0.229835
0.230172
0.23051
0.230847
0.231185
0.231522
0.23186
0.232197
0.232535
0.232872
0.23321
0.233547
0.233885
0.234222
0.23456
0.234897
0.235235
0.235572
0.23591
0.236247
0.236585
0.236922
0.23726
0.237597
0.237935
0.23861
0.238947
0.239285
0.239622
0.23996
0.240297
0.240972
0.241309
0.241647
0.241984
0.242322
0.242659
0.242997
0.243334
0.243672
0.244009
0.244347
0.244684
0.245022
0.245359
0.245697
0.246034
0.246372
0.246709
0.247047
0.247384
0.247722
0.248059
0.248397
0.248734
0.249072
0.249409
0.249747
0.250084
0.250422
0.250759
0.251097
0.251434
0.251772
0.252109
0.252447
0.252784
0.253122
0.253459
0.253797
0.254134
0.254472
0.254809
0.255147
0.255484
0.255822
0.256159
0.256497
0.256834
0.257172
0.257509
0.257847
0.258184
0.258522
0.258859
0.259197
0.259534
0.259872
0.260209
0.260547
0.260884
0.261222
0.262234
0.262572
0.262909
0.263247
0.263584
0.263922
0.264259
0.264597
0.264934
0.265272
0.265609
0.265947
0.266284
0.266622
0.267297
0.267634
0.267972
0.268309
0.268647
0.268984
0.269322
0.269659
0.269997
0.270334
0.270672
0.271009
0.271347
0.271684
0.272359
0.272697
0.273034
0.273372
0.273709
0.274047
0.274384
0.274722
0.275059
0.275397
0.275734
0.276072
0.276409
0.276747
0.277084
0.277422
0.277759
0.278097
0.278434
0.278772
0.279109
0.279447
0.279784
0.280121
0.280459
0.280796
0.281134
0.281471
0.281809
0.282146
0.282484
0.282821
0.283159
0.283496
0.283834
0.284171
0.284509
0.284846
0.285184
0.285521
0.285859
0.286196
0.286534
0.286871
0.287209
0.287546
0.287884
0.288221
0.288559
0.288896
0.289234
0.289571
0.289909
0.290246
0.290584
0.290921
0.291259
0.291596
0.291934
0.292271
0.292609
0.292946
0.293284
0.293621
0.293959
0.294296
0.294634
0.294971
0.295309
0.295646
0.295984
0.296321
0.296659
0.296996
0.297334
0.297671
0.298009
0.298346
0.298684
0.299021
0.299359
0.299696
0.300034
0.300371
0.300709
0.301046
0.301384
0.301721
0.302059
0.302396
0.302734
0.303071
0.303409
0.303746
0.304084
0.304421
0.304759
0.305096
0.305434
0.305771
0.306109
0.306446
0.306784
0.307121
0.307459
0.307796
0.308134
0.308471
0.308809
0.309146
0.309484
0.309821
0.310159
0.310496
0.310834
0.311171
0.311509
0.311846
0.312184
0.312521
0.312859
0.313196
0.313871
0.314546
0.314884
0.315221
0.315559
0.315896
0.316234
0.316909
0.318596
0.318934
0.319271
0.319609
0.319946
0.320283
0.320621
0.320958
0.321296
0.321633
0.321971
0.322308
0.322646
0.322983
0.323321
0.323658
0.323996
0.324333
0.324671
0.325008
0.325346
0.325683
0.326021
0.326358
0.326696
0.327033
0.327371
0.327708
0.328046
0.328383
0.328721
0.329058
0.329396
0.329733
0.330071
0.330408
0.330746
0.331083
0.331421
0.331758
0.332096
0.332433
0.332771
0.333108
0.333446
0.333783
0.334121
0.334458
0.334796
0.335133
0.335471
0.335808
0.336146
0.336483
0.336821
0.337158
0.337496
0.337833
0.338171
0.338508
0.338846
0.339183
0.339521
0.339858
0.340196
0.340533
0.340871
0.341208
0.341546
0.341883
0.342221
0.342558
0.342896
0.343233
0.343571
0.343908
0.344246
0.344583
0.344921
0.345258
0.345596
0.345933
0.346271
0.346608
0.346946
0.347283
0.347621
0.347958
0.348296
0.348633
0.348971
0.349308
0.349646
0.349983
0.350321
0.350658
0.350996
0.351333
0.351671
0.352008
0.352346
0.352683
0.353021
0.353358
0.353696
0.354033
0.354371
0.354708
0.355046
0.355383
0.355721
0.356058
0.356396
0.356733
0.357071
0.357408
0.357746
0.358083
0.358421
0.358758
0.359096
0.359433
0.359771
0.360108
0.360445
0.360783
0.36112
0.361458
0.361795
0.362133
0.36247
0.362808
0.363145
0.363483
0.36382
0.364158
0.364495
0.364833
0.36517
0.365508
0.365845
0.366183
0.36652
0.366858
0.367195
0.367533
0.36787
0.368208
0.368545
0.368883
0.36922
0.369558
0.369895
0.370233
0.37057
0.370908
0.371245
0.371583
0.37192
0.372258
0.372595
0.372933
0.37327
0.373608
0.373945
0.374283
0.37462
0.374958
0.375295
0.375633
0.37597
0.376308
0.376645
0.376983
0.37732
0.377658
0.377995
0.378333
0.37867
0.379008
0.379345
0.379683
0.38002
0.380358
0.380695
0.381033
0.38137
0.381708
0.382045
0.382383
0.38272
0.383058
0.383395
0.383733
0.38407
0.384408
0.384745
0.385083
0.38542
0.385758
0.386095
0.386433
0.38677
0.387108
0.387445
0.387783
0.38812
0.388458
0.388795
0.389133
0.38947
0.389808
0.390145
0.390483
0.39082
0.391158
0.391495
0.391833
0.39217
0.392508
0.392845
0.393183
0.39352
0.393858
0.394195
0.394533
0.39487
0.395208
0.395545
0.395883
0.39622
0.396558
0.396895
0.397233
0.39757
0.397908
0.398245
0.398583
0.39892
0.399258
0.399595
0.399933
0.40027
0.400607
0.400945
0.401282
0.40162
0.401957
0.402295
0.402632
0.40297
0.403307
0.403645
0.403982
0.40432
0.404657
0.404995
0.405332
0.40567
0.406007
0.406345
0.406682
0.40702
0.407357
0.407695
0.408032
0.40837
0.408707
0.409045
0.409382
0.40972
0.410057
0.410395
0.410732
0.41107
0.411407
0.411745
0.412082
0.41242
0.412757
0.413095
0.413432
0.41377
0.414107
0.414445
0.414782
0.41512
0.415457
0.415795
0.416132
0.41647
0.416807
0.417145
0.417482
0.41782
0.418157
0.418495
0.418832
0.41917
0.419507
0.419845
0.420182
0.42052
0.420857
0.421195
0.421532
0.42187
0.422207
0.422545
0.422882
0.42322
0.423557
0.423895
0.424232
0.42457
0.424907
0.425245
0.425582
0.42592
0.426257
0.426595
0.426932
0.42727
0.427607
0.427945
0.428282
0.42862
0.428957
0.429295
0.429632
0.42997
0.430307
0.430645
0.430982
0.43132
0.431657
0.431995
0.432332
0.43267
0.433007
0.433345
0.433682
0.43402
0.434357
0.434695
0.435032
0.43537
0.435707
0.436045
0.436382
0.43672
0.437057
0.437395
0.437732
0.43807
0.438407
0.438745
0.439082
0.43942
0.439757
0.440094
0.440432
0.440769
0.441107
0.441444
0.441782
0.442119
0.442457
0.442794
0.443132
0.443469
0.443807
0.444144
0.444482
0.444819
0.445157
0.445494
0.445832
0.446169
0.446507
0.446844
0.447182
0.447519
0.447857
0.448194
0.448532
0.448869
0.449207
0.449544
0.449882
0.450219
0.450557
0.450894
0.451232
0.451569
0.451907
0.452244
0.452582
0.452919
0.453257
0.453594
0.453932
0.454269
0.454607
0.454944
0.455282
0.455619
0.455957
0.456294
0.456632
0.456969
0.457307
0.457644
0.457982
0.458319
0.458657
0.458994
0.459332
0.460007
0.460344
0.460682
0.461019
0.461357
0.461694
0.462032
0.462369
0.462707
0.463044
0.463382
0.463719
0.464057
0.464394
0.464732
0.465069
0.465407
0.465744
0.466082
0.466419
0.466757
0.467094
0.467432
0.467769
0.468107
0.468444
0.468782
0.469119
0.469457
0.469794
0.470132
0.470469
0.470807
0.471144
0.471482
0.471819
0.472157
0.472494
0.472832
0.473169
0.473507
0.473844
0.474182
0.474519
0.474857
0.475194
0.475532
0.476207
0.476544
0.476882
0.477219
0.477557
0.477894
0.478232
0.478569
0.478907
0.479244
0.479582
0.479919
0.480256
0.480594
0.480931
0.481269
0.481606
0.481944
0.482281
0.482619
0.482956
0.483294
0.483631
0.483969
0.484306
0.484644
0.484981
0.485319
0.485656
0.485994
0.486331
0.486669
0.487006
0.487344
0.487681
0.488019
0.488356
0.488694
0.489031
0.489369
0.489706
0.490044
0.490381
0.490719
0.491056
0.491394
0.491731
0.492069
0.492406
0.492744
0.493081
0.493419
0.493756
0.494094
0.494431
0.494769
0.495106
0.495444
0.495781
0.496119
0.496456
0.496794
0.497131
0.497469
0.498481
0.498819
0.499156
0.499494
0.499831
0.500169
0.500506
0.500844
0.501181
0.501519
0.501856
0.502194
0.502531
0.502869
0.503206
0.503544
0.503881
0.504219
0.504556
0.504894
0.505231
0.505569
0.505906
0.506244
0.506581
0.506919
0.507256
0.507594
0.507931
0.508269
0.508606
0.508944
0.509281
0.509619
0.509956
0.510294
0.510631
0.510969
0.511306
0.511644
0.511981
0.512319
0.512656
0.512994
0.513331
0.513669
0.514006
0.514344
0.514681
0.515019
0.515356
0.515694
0.516031
0.516369
0.516706
0.517044
0.517381
0.517719
0.518056
0.518394
0.518731
0.519069
0.519406
0.519744
0.520081
0.520418
0.520756
0.521093
0.521431
0.521768
0.522106
0.522443
0.522781
0.523118
0.523456
0.523793
0.524131
0.524468
0.524806
0.525143
0.525481
0.525818
0.526156
0.526493
0.526831
0.527168
0.527506
0.527843
0.528181
0.528518
0.528856
0.529193
0.529531
0.529868
0.530206
0.530543
0.530881
0.531218
0.531556
0.531893
0.532231
0.532568
0.532906
0.533243
0.533581
0.533918
0.534256
0.534593
0.534931
0.535268
0.535606
0.535943
0.536281
0.536618
0.536956
0.537293
0.537631
0.537968
0.538306
0.538643
0.538981
0.539318
0.539656
0.539993
0.540331
0.540668
0.541343
0.541681
0.542018
0.542356
0.542693
0.543031
0.543368
0.543706
0.544043
0.544381
0.544718
0.545056
0.545393
0.545731
0.546068
0.546406
0.546743
0.547081
0.547418
0.547756
0.548093
0.548431
0.548768
0.549106
0.549443
0.549781
0.550118
0.550456
0.550793
0.551131
0.551468
0.551806
0.552143
0.552481
0.552818
0.553156
0.553493
0.553831
0.554168
0.554506
0.554843
0.555181
0.555518
0.555856
0.556193
0.556531
0.556868
0.557206
0.557543
0.557881
0.558218
0.558556
0.558893
0.559231
0.559568
0.559906
0.560243
0.56058
0.560918
0.561255
0.561593
0.56193
0.562268
0.562605
0.562943
0.56328
0.563618
0.563955
0.564293
0.56463
0.564968
0.565305
0.565643
0.56598
0.566318
0.566655
0.566993
0.56733
0.567668
0.568005
0.568343
0.56868
0.569018
0.569355
0.569693
0.57003
0.570368
0.570705
0.571043
0.57138
0.571718
0.572055
0.572393
0.57273
0.573068
0.573405
0.573743
0.57408
0.574418
0.574755
0.575093
0.57543
0.575768
0.576105
0.576443
0.57678
0.577118
0.577455
0.577793
0.57813
0.578468
0.578805
0.579143
0.57948
0.579818
0.580155
0.580493
0.58083
0.581168
0.581505
0.581843
0.58218
0.582518
0.582855
0.583193
0.58353
0.583868
0.584205
0.584543
0.58488
0.585218
0.585555
0.585893
0.58623
0.586568
0.586905
0.587243
0.58758
0.587918
0.588255
0.588593
0.58893
0.589268
0.589605
0.589943
0.59028
0.590618
0.590955
0.591293
0.59163
0.591968
0.592305
0.592643
0.59298
0.593318
0.593655
0.593993
0.59433
0.594668
0.595005
0.595343
0.59568
0.596018
0.596355
0.596693
0.59703
0.597368
0.597705
0.598043
0.59838
0.598718
0.599055
0.599393
0.59973
0.600067
0.600405
0.600742
0.60108
0.601417
0.601755
0.602092
0.60243
0.602767
0.603105
0.603442
0.60378
0.604117
0.604455
0.604792
0.60513
0.605467
0.605805
0.606142
0.60648
0.606817
0.607155
0.607492
0.60783
0.608167
0.608505
0.608842
0.60918
0.609517
0.609855
0.610192
0.61053
0.610867
0.611205
0.611542
0.61188
0.612217
0.612555
0.612892
0.61323
0.613567
0.613905
0.614242
0.61458
0.614917
0.615255
0.615592
0.61593
0.616267
0.616605
0.616942
0.61728
0.617617
0.617955
0.618292
0.61863
0.618967
0.619305
0.619642
0.61998
0.620317
0.620655
0.620992
0.62133
0.621667
0.622005
0.622342
0.62268
0.623017
0.623355
0.623692
0.62403
0.624367
0.624705
0.625042
0.62538
0.625717
0.626055
0.626392
0.62673
0.627067
0.627405
0.627742
0.62808
0.628417
0.628755
0.629092
0.62943
0.629767
0.630105
0.630442
0.63078
0.631117
0.631455
0.631792
0.63213
0.632467
0.632805
0.633142
0.63348
0.633817
0.634155
0.634492
0.63483
0.635167
0.635505
0.635842
0.63618
0.636517
0.636855
0.637192
0.63753
0.637867
0.638205
0.638542
0.63888
0.639217
0.639555
0.639892
0.640229
0.640567
0.640904
0.641242
0.641579
0.641917
0.642254
0.642592
0.642929
0.643267
0.643604
0.643942
0.644279
0.644617
0.644954
0.645292
0.645629
0.645967
0.646304
0.646642
0.646979
0.647317
0.647654
0.647992
0.648329
0.648667
0.649004
0.649342
0.649679
0.650017
0.650354
0.650692
0.651029
0.651367
0.651704
0.652042
0.652379
0.652717
0.653054
0.653392
0.653729
0.654067
0.654404
0.654742
0.655079
0.655417
0.655754
0.656092
0.656429
0.656767
0.657104
0.657442
0.657779
0.658117
0.658454
0.658792
0.659129
0.659467
0.659804
0.660142
0.660479
0.660817
0.661154
0.661492
0.661829
0.662167
0.662504
0.662842
0.663179
0.663517
0.663854
0.664192
0.664529
0.664867
0.665204
0.665542
0.665879
0.666217
0.666554
0.666892
0.667229
0.667567
0.667904
0.668242
0.668579
0.668917
0.669254
0.669592
0.669929
0.670267
0.670604
0.670942
0.671279
0.671617
0.671954
0.672292
0.672629
0.672967
0.673304
0.673642
0.673979
0.674317
0.674654
0.674992
0.675329
0.675667
0.676004
0.676342
0.676679
0.677017
0.677354
0.677692
0.678029
0.678367
0.678704
0.679042
0.679379
0.679717
0.680054
0.680391
0.680729
0.681066
0.681404
0.681741
0.682079
0.682416
0.682754
0.683091
0.683429
0.683766
0.684104
0.684441
0.684779
0.685116
0.685454
0.685791
0.686129
0.686466
0.686804
0.687141
0.687479
0.687816
0.688154
0.688491
0.688829
0.689166
0.689504
0.689841
0.690179
0.690516
0.690854
0.691191
0.691529
0.691866
0.692204
0.692879
0.693216
0.693554
0.693891
0.694229
0.694566
0.694904
0.695241
0.695579
0.695916
0.696254
0.696591
0.696929
0.697266
0.697604
0.697941
0.698279
0.698616
0.698954
0.699291
0.699629
0.699966
0.700304
0.700641
0.700979
0.701316
0.701654
0.701991
0.702329
0.702666
0.703004
0.703341
0.703679
0.704016
0.704354
0.704691
0.705029
0.705366
0.705704
0.706041
0.706379
0.706716
0.707054
0.707391
0.707729
0.708066
0.708404
0.708741
0.709079
0.709416
0.709754
0.710091
0.710429
0.710766
0.711104
0.711441
0.711779
0.712116
0.712454
0.712791
0.713129
0.713466
0.713804
0.714141
0.714479
0.714816
0.715154
0.715491
0.715829
0.716166
0.716504
0.716841
0.717179
0.717516
0.717854
0.718191
0.718529
0.718866
0.719204
0.719541
0.719879
0.720216
0.720553
0.720891
0.721228
0.721566
0.721903
0.722241
0.722578
0.722916
0.723253
0.723591
0.723928
0.724266
0.724603
0.724941
0.725278
0.725616
0.725953
0.726291
0.726628
0.726966
0.727303
0.727641
0.727978
0.728316
0.728653
0.728991
0.729328
0.729666
0.730003
0.730341
0.730678
0.731016
0.731353
0.731691
0.732028
0.732366
0.732703
0.733041
0.733378
0.733716
0.734053
0.734391
0.734728
0.735066
0.735403
0.735741
0.736078
0.736416
0.736753
0.737091
0.737428
0.737766
0.738103
0.738441
0.738778
0.739116
0.739453
0.739791
0.740128
0.740466
0.740803
0.741141
0.741478
0.741816
0.742153
0.742491
0.742828
0.743166
0.743503
0.743841
0.744178
0.744516
0.744853
0.745191
0.745528
0.745866
0.746203
0.746541
0.746878
0.747216
0.747553
0.747891
0.748228
0.748566
0.749241
0.749578
0.749916
0.750253
0.750591
0.750928
0.751266
0.751603
0.751941
0.752278
0.752616
0.752953
0.753291
0.753628
0.753966
0.754303
0.754641
0.754978
0.755316
0.755653
0.755991
0.756328
0.756666
0.757003
0.757341
0.757678
0.758016
0.758353
0.758691
0.759028
0.759366
0.759703
0.76004
0.760378
0.760715
0.761053
0.76139
0.761728
0.762065
0.762403
0.76274
0.763078
0.763415
0.763753
0.76409
0.764428
0.764765
0.765103
0.76544
0.765778
0.766115
0.766453
0.76679
0.767128
0.767465
0.767803
0.76814
0.768478
0.768815
0.769153
0.76949
0.769828
0.770165
0.770503
0.77084
0.771178
0.771515
0.771853
0.77219
0.772528
0.772865
0.773203
0.77354
0.773878
0.774215
0.774553
0.77489
0.775228
0.775565
0.775903
0.77624
0.776578
0.776915
0.777253
0.77759
0.777928
0.778265
0.778603
0.77894
0.779278
0.779615
0.779953
0.78029
0.780628
0.780965
0.781303
0.78164
0.781978
0.782315
0.782653
0.78299
0.783328
0.783665
0.784003
0.78434
0.784678
0.785015
0.785353
0.78569
0.786028
0.786365
0.786703
0.78704
0.787378
0.787715
0.788053
0.78839
0.788728
0.789065
0.789403
0.78974
0.790078
0.790415
0.790753
0.79109
0.791428
0.791765
0.792103
0.79244
0.792778
0.793115
0.793453
0.79379
0.794128
0.794465
0.794803
0.79514
0.795478
0.795815
0.796153
0.79649
0.796828
0.797165
0.797503
0.79784
0.798178
0.798515
0.798853
0.79919
0.799528
0.799865
0.800202
0.80054
0.800877
0.801215
0.801552
0.80189
0.802227
0.802565
0.802902
0.80324
0.803577
0.803915
0.804252
0.80459
0.804927
0.805265
0.805602
0.80594
0.806277
0.806615
0.806952
0.80729
0.807627
0.807965
0.808302
0.80864
0.808977
0.809315
0.809652
0.80999
0.810327
0.810665
0.811002
0.81134
0.811677
0.812015
0.812352
0.81269
0.813027
0.813365
0.813702
0.81404
0.814377
0.814715
0.815052
0.81539
0.815727
0.816065
0.816402
0.81674
0.817077
0.817415
0.817752
0.81809
0.818427
0.818765
0.819102
0.81944
0.819777
0.820115
0.820452
0.82079
0.821127
0.821465
0.821802
0.82214
0.822477
0.822815
0.823152
0.82349
0.823827
0.824165
0.824502
0.82484
0.825177
0.825515
0.825852
0.82619
0.826527
0.826865
0.827202
0.82754
0.828215
0.828552
0.82889
0.829227
0.829565
0.829902
0.83024
0.830577
0.830915
0.831252
0.83159
0.831927
0.832265
0.832602
0.83294
0.833277
0.833615
0.833952
0.83429
0.834627
0.834965
0.835302
0.83564
0.835977
0.836315
0.836652
0.83699
0.837327
0.837665
0.838002
0.83834
0.838677
0.839015
0.839352
0.83969
0.840027
0.840364
0.840702
0.841039
0.841377
0.841714
0.842052
0.842389
0.842727
0.843064
0.843402
0.843739
0.844077
0.844414
0.844752
0.845089
0.845427
0.845764
0.846102
0.846439
0.846777
0.847114
0.847452
0.847789
0.848127
0.848464
0.848802
0.849139
0.849477
0.849814
0.850152
0.850489
0.850827
0.851164
0.851502
0.851839
0.852177
0.852514
0.852852
0.853189
0.853527
0.853864
0.854202
0.854539
0.854877
0.855214
0.855552
0.855889
0.856227
0.856564
0.856902
0.857239
0.857577
0.857914
0.858252
0.858589
0.858927
0.859264
0.859602
0.859939
0.860277
0.860614
0.860952
0.861289
0.861627
0.861964
0.862302
0.862639
0.862977
0.863314
0.863652
0.863989
0.864327
0.864664
0.865002
0.865339
0.865677
0.866014
0.866352
0.866689
0.867027
0.867364
0.867702
0.868039
0.868377
0.868714
0.869052
0.869389
0.869727
0.870064
0.870402
0.870739
0.871077
0.871414
0.871752
0.872089
0.872427
0.872764
0.873102
0.873439
0.873777
0.874114
0.874452
0.874789
0.875127
0.875464
0.875802
0.876139
0.876477
0.876814
0.877152
0.877489
0.877827
0.878164
0.878502
0.878839
0.879177
0.879514
0.879852
0.880189
0.880526
0.880864
0.881201
0.881539
0.881876
0.882551
0.882889
0.883226
0.883564
0.883901
0.884239
0.884576
0.884914
0.885251
0.885589
0.885926
0.886264
0.886601
0.886939
0.887276
0.887614
0.887951
0.888289
0.888626
0.888964
0.889301
0.889639
0.889976
0.890314
0.890651
0.890989
0.891326
0.891664
0.892001
0.892339
0.892676
0.893014
0.893351
0.893689
0.894026
0.894364
0.894701
0.895039
0.895376
0.895714
0.896051
0.896389
0.896726
0.897064
0.897401
0.897739
0.898076
0.898414
0.898751
0.899089
0.899426
0.899764
0.900101
0.900439
0.900776
0.901114
0.901451
0.901789
0.902126
0.902464
0.902801
0.903139
0.903476
0.903814
0.904151
0.904489
0.904826
0.905164
0.905501
0.905839
0.906176
0.906514
0.906851
0.907189
0.907526
0.907864
0.908201
0.908539
0.908876
0.909214
0.909551
0.909889
0.910226
0.910564
0.910901
0.911239
0.911576
0.911914
0.912251
0.912589
0.912926
0.913264
0.913601
0.913939
0.914276
0.914614
0.914951
0.915289
0.915626
0.915964
0.916301
0.916639
0.916976
0.917314
0.917651
0.917989
0.918326
0.918664
0.919001
0.919339
0.919676
0.920013
0.920351
0.920688
0.921026
0.921363
0.921701
0.922038
0.922376
0.922713
0.923051
0.923388
0.923726
0.924063
0.924401
0.924738
0.925076
0.925413
0.925751
0.926088
0.926426
0.926763
0.927101
0.927438
0.927776
0.928113
0.928451
0.928788
0.929126
0.929463
0.929801
0.930138
0.930476
0.930813
0.931151
0.931488
0.931826
0.932163
0.932501
0.932838
0.933176
0.933513
0.933851
0.934188
0.934526
0.934863
0.935201
0.935538
0.935876
0.936213
0.936551
0.936888
0.937226
0.937563
0.937901
0.938238
0.938576
0.938913
0.939251
0.939588
0.939926
0.940263
0.940601
0.940938
0.941276
0.941613
0.941951
0.942288
0.942626
0.942963
0.943301
0.943638
0.943976
0.944313
0.944651
0.944988
0.945326
0.945663
0.946001
0.946338
0.946676
0.947013
0.947351
0.947688
0.948026
0.948363
0.948701
0.949038
0.949376
0.949713
0.950051
0.950388
0.950726
0.951063
0.951401
0.951738
0.952076
0.952413
0.952751
0.953088
0.953426
0.953763
0.954101
0.954438
0.954776
0.955113
0.955451
0.955788
0.956126
0.956463
0.956801
0.957138
0.957476
0.957813
0.958151
0.958488
0.958826
0.959163
0.959501
0.959838
0.960175
0.960513
0.96085
0.961188
0.961525
0.961863
0.9622
0.962538
0.962875
0.963213
0.96355
0.963888
0.964225
0.964563
0.9649
0.965238
0.965575
0.965913
0.966588
0.966925
0.967263
0.9676
0.967938
0.968275
0.968613
0.96895
0.969288
0.969625
0.969963
0.9703
0.970638
0.970975
0.971313
0.97165
0.971988
0.972325
0.972663
0.973
0.973338
0.973675
0.974013
0.97435
0.974688
0.975025
0.975363
0.9757
0.976038
0.976375
0.976713
0.97705
0.977388
0.977725
0.978063
0.9784
0.978738
0.979075
0.979413
0.97975
0.980088
0.980425
0.980763
0.9811
0.981438
0.981775
0.982113
0.98245
0.982788
0.983125
0.983463
0.9838
0.984138
0.984475
0.984813
0.98515
0.985488
0.985825
0.986163
0.9865
0.986838
0.987175
0.987513
0.98785
0.988188
0.988525
0.988863
0.9892
0.989538
0.989875
0.990213
0.99055
0.990888
0.991225
0.991563
0.9919
0.992238
0.992575
0.992913
0.99325
0.993588
0.993925
0.994263
0.9946
0.994938
0.995275
0.995613
0.99595
0.996288
0.996625
0.996963
0.9973
0.997638
0.997975
0.998313
0.99865
0.998988
0.999325
0.999663
1
