2905,
0.746552
0.663171
0.637023
0.628367
0.614441
0.605884
0.654956
0.687273
0.652501
0.628148
0.61333
0.60418
0.586094
0.652715
0.670996
0.611239
0.61136
0.626772
0.617012
0.610142
0.7553
0.730611
0.645595
0.656562
0.643123
0.63104
0.618845
0.740208
0.68864
0.65624
0.642051
0.644655
0.645517
0.638231
0.778136
0.788298
0.695413
0.666797
0.665361
0.653843
0.640091
0.688033
0.848246
0.735201
0.694598
0.665028
0.661301
0.655214
0.6673
0.680055
0.672084
0.675152
0.686885
0.664602
0.754904
0.941675
0.827858
0.75441
0.725133
0.698295
0.668585
0.670785
0.6707
0.639504
0.627782
0.631555
0.607106
0.593734
0.588157
0.600273
0.606272
0.600028
0.604708
0.599008
0.574339
0.615766
0.593658
0.589529
0.589088
0.587872
0.571112
0.632436
0.613975
0.608686
0.574775
0.608278
0.587091
0.587585
0.598511
0.582018
0.572817
0.547425
0.554071
0.572119
0.570297
0.573212
0.56652
0.56445
0.545053
0.557647
0.603981
0.585254
0.577109
0.579329
0.562663
0.544198
0.561353
0.56911
0.572069
0.584915
0.575497
0.567162
0.566143
0.558007
0.592473
0.592972
0.578042
0.636893
0.575974
0.553183
0.55118
0.57767
0.583155
0.57492
0.598046
0.598511
0.565055
0.63401
0.678297
0.62981
0.610296
0.595383
0.624355
0.609495
0.601517
0.609958
0.593658
0.595049
0.587585
0.579192
0.550588
0.546942
0.575401
0.567694
0.573015
0.584788
0.58073
0.553819
0.554637
0.580371
0.569577
0.576827
0.576212
0.5678
0.544055
0.544341
0.578458
0.573064
0.580281
0.573557
0.556064
0.532056
0.53637
0.542898
0.565601
0.565926
0.565546
0.557163
0.534446
0.55686
0.561754
0.560602
0.56141
0.559375
0.530875
0.535734
0.559139
0.563785
0.559903
0.559198
0.542607
0.538479
0.56221
0.572668
0.563785
0.562267
0.557586
0.563673
0.543839
0.54202
0.564395
0.557405
0.555199
0.552026
0.545828
0.533794
0.531468
0.555012
0.566466
0.547904
0.53637
0.541577
0.567905
0.583588
0.569058
0.560834
0.56221
0.564945
0.578042
0.554008
0.564339
0.64428
0.592087
0.595011
0.623687
0.617293
0.584489
0.585465
0.590799
0.583847
0.573704
0.574872
0.568432
0.566305
0.575401
0.585127
0.615652
0.601173
0.597072
0.593847
0.578412
0.590008
0.618708
0.606819
0.623299
0.606433
0.609711
0.584957
0.593734
0.611451
0.61999
0.602944
0.62902
0.642962
0.604807
0.636544
0.722497
0.649078
0.609526
0.607837
0.608467
0.588076
0.665933
0.638912
0.629236
0.606466
0.597108
0.594713
0.587708
0.642133
0.646389
0.632597
0.599853
0.596562
0.585885
0.616956
0.616618
0.625371
0.60138
0.598937
0.579874
0.575353
0.571819
0.630617
0.634909
0.620475
0.612827
0.594338
0.590641
0.571517
0.636544
0.649264
0.659823
0.612887
0.600724
0.583068
0.574144
0.628609
0.635598
0.590444
0.592164
0.565709
0.625849
0.631228
0.685533
0.603045
0.582326
0.571869
0.564118
0.617907
0.70334
0.625924
0.576496
0.62069
0.604675
0.581576
0.625068
0.679503
0.617823
0.596671
0.590047
0.600203
0.565219
0.626349
0.630001
0.604609
0.583545
0.587872
0.583588
0.569214
0.617962
0.705136
0.637845
0.585296
0.58779
0.600447
0.592048
0.661571
0.645439
0.614528
0.606401
0.595901
0.592396
0.58622
0.640736
0.623247
0.611722
0.599149
0.59127
0.602166
0.572219
0.625169
0.653422
0.608998
0.629476
0.604938
0.676355
0.603045
0.619664
0.671346
0.622465
0.593201
0.578504
0.580909
0.579829
0.642295
0.665948
0.647309
0.64685
0.603947
0.685638
0.710059
0.79038
0.721416
0.656528
0.633443
0.626224
0.64055
0.633716
0.717351
0.679767
0.662438
0.630829
0.618845
0.611209
0.595975
0.626175
0.685078
0.609464
0.605396
0.617684
0.597217
0.575113
0.584702
0.596525
0.606337
0.607774
0.609092
0.615451
0.599537
0.659904
0.712206
0.627561
0.627904
0.627364
0.626573
0.604213
0.630333
0.62415
0.592895
0.610479
0.604708
0.586178
0.570757
0.562323
0.577296
0.578134
0.575832
0.583458
0.575974
0.545547
0.554071
0.582545
0.589369
0.595346
0.581797
0.581665
0.561353
0.571618
0.582414
0.576874
0.57626
0.580145
0.577856
0.551506
0.561295
0.572618
0.568589
0.581132
0.61253
0.564229
0.550983
0.562096
0.570909
0.567641
0.568169
0.566949
0.568379
0.549726
0.55902
0.584233
0.612975
0.589928
0.573459
0.56489
0.549258
0.584019
0.579375
0.58237
0.582414
0.585296
0.596232
0.563896
0.563001
0.571517
0.57767
0.583198
0.569422
0.55588
0.545617
0.551702
0.568589
0.574046
0.584788
0.585169
0.573998
0.55588
0.557466
0.582632
0.584788
0.579511
0.581797
0.597181
0.610449
0.616815
0.609371
0.590562
0.593923
0.600133
0.585885
0.559962
0.564945
0.580236
0.58237
0.588401
0.579511
0.571163
0.555447
0.551506
0.566089
0.58466
0.583717
0.579466
0.57626
0.538402
0.543117
0.582457
0.577109
0.573851
0.570859
0.57564
0.547699
0.535093
0.543695
0.580371
0.583415
0.570655
0.553056
0.544413
0.539475
0.561868
0.58193
0.573262
0.563562
0.568954
0.555695
0.542753
0.559551
0.57096
0.570909
0.57855
0.575353
0.541872
0.546596
0.561525
0.584575
0.570451
0.583545
0.560486
0.551441
0.556494
0.564835
0.560312
0.567375
0.554887
0.551311
0.531045
0.540832
0.553629
0.560428
0.569577
0.552543
0.54838
0.568589
0.606658
0.607584
0.582501
0.572668
0.584361
0.574095
0.560195
0.562267
0.572319
0.569577
0.579466
0.572568
0.570144
0.561582
0.567002
0.586926
0.581842
0.609433
0.597902
0.601688
0.568484
0.566842
0.582676
0.593048
0.598902
0.586885
0.579009
0.566197
0.572568
0.596122
0.61054
0.651407
0.636127
0.608058
0.589649
0.596159
0.612321
0.605689
0.603648
0.600063
0.638849
0.600273
0.602064
0.620206
0.654158
0.645517
0.621596
0.675019
0.605787
0.606143
0.61857
0.636237
0.6079
0.607393
0.626722
0.620636
0.61253
0.635376
0.625849
0.619881
0.610142
0.615966
0.619092
0.628658
0.621357
0.632735
0.619201
0.631298
0.639357
0.626374
0.694671
0.670771
0.663171
0.623842
0.627217
0.630852
0.622255
0.656342
0.758028
0.792417
0.6509
0.774425
0.68181
0.642315
0.628851
0.636237
0.614092
0.708339
0.732214
0.713364
0.660662
0.656308
0.644339
0.647023
0.684229
0.800206
0.706465
0.677151
0.707307
0.689785
0.665104
0.657569
0.642397
0.631275
0.633375
0.679301
0.730356
0.66774
0.641314
0.632251
0.627019
0.60968
0.692591
0.679212
0.666634
0.639777
0.634213
0.622831
0.606337
0.685929
0.700738
0.668889
0.644675
0.658926
0.661237
0.654262
0.821897
0.710263
0.679691
0.663898
0.662045
0.644241
0.710212
0.668338
0.64729
0.674188
0.694784
0.657084
0.718298
0.721174
0.721966
0.653316
0.66828
0.655712
0.649022
0.705217
0.723783
0.68203
0.662234
0.653808
0.663481
0.652269
0.707658
0.75988
0.695084
0.664036
0.668425
0.762672
0.67447
0.713981
0.716244
0.726294
0.676013
0.66184
0.645205
0.645926
0.713249
0.74322
0.701909
0.683825
0.652821
0.648761
0.66445
0.677887
0.679553
0.651965
0.647556
0.658877
0.66922
0.694557
0.738839
0.716924
0.675498
0.669607
0.670559
0.674012
0.683395
0.856865
0.7592
0.718091
0.701946
0.695659
0.701292
0.893928
0.798975
0.754622
0.734849
0.728102
0.718351
0.724224
0.797102
0.771865
0.787088
0.7674
0.78767
0.778451
0.871151
0.814473
0.751479
0.709889
0.684666
0.657636
0.643484
0.639735
0.641602
0.623351
0.626249
0.617181
0.602877
0.612321
0.618184
0.646889
0.60934
0.612887
0.603814
0.601414
0.605233
0.606787
0.603246
0.628026
0.679225
0.595827
0.591854
0.603514
0.60484
0.594036
0.587215
0.591932
0.590365
0.58466
0.597398
0.600377
0.599502
0.594563
0.588685
0.576307
0.581177
0.59255
0.607298
0.624966
0.601722
0.594675
0.588725
0.582763
0.584404
0.59579
0.592588
0.580236
0.573459
0.580145
0.58215
0.621569
0.608842
0.596305
0.588442
0.589769
0.57992
0.583717
0.585042
0.592241
0.590523
0.597866
0.605981
0.587872
0.591504
0.595346
0.597035
0.611481
0.630238
0.694421
0.653756
0.621808
0.622935
0.628415
0.62141
0.610754
0.606111
0.579511
0.587091
0.5949
0.595569
0.584702
0.597578
0.622045
0.579283
0.574775
0.592048
0.590562
0.593239
0.567905
0.582938
0.566143
0.571869
0.581753
0.572568
0.562663
0.575784
0.581886
0.57678
0.571819
0.576638
0.574775
0.574533
0.56095
0.552156
0.553438
0.549191
0.553945
0.559845
0.564284
0.57753
0.588644
0.578596
0.567109
0.617712
0.702088
0.562437
0.547011
0.529243
0.423978
0.414347
0.409652
0.490885
0.517864
0.561982
0.575113
0.555695
0.548245
0.56095
0.547218
0.545477
0.538556
0.535893
0.477765
0.56095
0.555571
0.549123
0.553629
0.53917
0.530449
0.572519
0.555137
0.550918
0.563729
0.564118
0.595198
0.580416
0.569006
0.563394
0.566305
0.581399
0.579965
0.632643
0.6052
0.585465
0.587667
0.618818
0.606979
0.607138
0.614962
0.611692
0.618184
0.597144
0.633261
0.676263
0.658002
0.627757
0.623455
0.613182
0.611451
0.633693
0.61659
0.620448
0.620017
0.633216
0.607043
0.646678
0.644576
0.680677
0.668759
0.657017
0.662406
0.65037
0.644596
0.657017
0.647156
0.62902
0.637197
0.68942
0.628415
0.633739
0.637349
0.631695
0.635109
0.638636
0.644911
0.629164
0.641847
0.640008
0.657853
0.665692
0.671388
0.710837
0.64919
0.767992
0.721644
0.682806
0.661237
0.6707
0.696504
0.706465
0.739523
0.889416
0.723569
0.670771
0.659855
0.648236
0.64637
0.726288
0.732959
0.694567
0.657436
0.646946
0.643784
0.638423
0.70133
0.724627
0.710567
0.657553
0.642518
0.64801
0.630735
0.712988
0.688975
0.742646
0.660902
0.666678
0.65015
0.630852
0.712503
0.784268
0.678616
0.649561
0.643204
0.64266
0.623403
0.663959
0.689774
0.761994
0.661666
0.654297
0.69622
0.690181
0.701701
0.710694
0.797596
0.668628
0.673375
0.683539
0.648649
0.70583
0.741302
0.67799
0.651605
0.652126
0.653896
0.636958
0.690837
0.71694
0.678348
0.647442
0.666262
0.669792
0.679842
0.742646
0.790993
0.686299
0.647175
0.678041
0.680615
0.653263
0.718527
0.798343
0.693858
0.673347
0.653087
0.646793
0.640029
0.722547
0.772383
0.713713
0.680974
0.686172
0.759983
0.667004
0.694816
0.710601
0.756578
0.683539
0.660742
0.66448
0.633942
0.708868
0.709573
0.753826
0.685007
0.665346
0.647802
0.630143
0.694608
0.730126
0.693037
0.69088
0.657084
0.669177
0.701321
0.731623
0.777934
0.705353
0.698324
0.696433
0.71512
0.7082
0.846759
0.730356
0.716055
0.67108
0.67046
0.676838
0.678794
0.739512
0.727622
0.68373
0.677384
0.675829
0.660372
0.654575
0.698472
0.743403
0.683932
0.670063
0.661253
0.657653
0.637651
0.652376
0.706323
0.650444
0.649856
0.664373
0.656579
0.664404
0.699919
0.761059
0.672457
0.644773
0.644002
0.635109
0.615994
0.610326
0.624661
0.620502
0.65992
0.619447
0.624559
0.587626
0.585338
0.612738
0.597938
0.601893
0.605787
0.595975
0.582501
0.591504
0.606078
0.603313
0.604411
0.599748
0.596159
0.571919
0.587256
0.603045
0.598511
0.604873
0.592511
0.582851
0.588279
0.589128
0.585801
0.596415
0.577296
0.57942
0.569525
0.558486
0.564173
0.577109
0.586094
0.594675
0.643724
0.648518
0.605949
0.582326
0.590641
0.597181
0.591387
0.597614
0.582589
0.565219
0.575401
0.578227
0.588279
0.582938
0.578134
0.639483
0.661157
0.633875
0.632205
0.638912
0.663187
0.667461
0.626449
0.582851
0.588967
0.622544
0.623377
0.616108
0.613418
0.610967
0.584447
0.596305
0.624865
0.630546
0.636806
0.648686
0.672622
0.658778
0.623661
0.606819
0.599818
0.605494
0.608121
0.588604
0.565383
0.572568
0.581842
0.58647
0.593923
0.59362
0.579511
0.554198
0.573704
0.587009
0.584873
0.590838
0.587544
0.573557
0.553692
0.563338
0.582807
0.59255
0.63963
0.596781
0.570297
0.552156
0.555756
0.576307
0.578042
0.578963
0.587953
0.569938
0.552928
0.553502
0.582414
0.58738
0.5704
0.561982
0.573163
0.559551
0.564395
0.57992
0.560254
0.57753
0.574436
0.57626
0.585042
0.594488
0.585843
0.56968
0.57463
0.603246
0.597506
0.565601
0.590285
0.589007
0.588482
0.594149
0.583847
0.577856
0.575257
0.561238
0.618488
0.591582
0.588685
0.592511
0.700566
0.680167
0.643584
0.605527
0.589928
0.592009
0.645439
0.592972
0.572817
0.598332
0.603548
0.605527
0.627167
0.614818
0.606947
0.585
0.582457
0.613917
0.653651
0.643564
0.641108
0.652998
0.706705
0.749839
0.696504
0.664709
0.649801
0.648048
0.642619
0.630286
0.633307
0.624201
0.629428
0.633101
0.626598
0.637565
0.6261
0.656832
0.631087
0.635863
0.636325
0.6454
0.646543
0.65566
0.68159
0.679225
0.677797
0.662485
0.677384
0.667916
0.718114
0.654731
0.657903
0.682806
0.641314
0.634953
0.625774
0.63195
0.715017
0.712429
0.702604
0.758345
0.784856
0.709212
0.758074
0.748434
0.727656
0.665873
0.65772
0.65624
0.66985
0.717683
0.739547
0.741223
0.660001
0.644793
0.643664
0.644773
0.702912
0.798067
0.713535
0.644161
0.649709
0.655541
0.637866
0.691043
0.700113
0.743905
0.65499
0.646965
0.65119
0.634326
0.698096
0.691477
0.677565
0.64086
0.636193
0.633193
0.687671
0.707553
0.701406
0.678578
0.655575
0.638849
0.626995
0.687455
0.792632
0.685766
0.681896
0.691617
0.666441
0.642153
0.728325
0.710491
0.6843
0.673592
0.68059
0.690247
0.656983
0.72981
0.758249
0.687818
0.658614
0.639567
0.640508
0.626399
0.706198
0.736966
0.699531
0.656916
0.655729
0.668498
0.642498
0.680727
0.739109
0.679137
0.650718
0.682176
0.679389
0.652732
0.724937
0.724401
0.766479
0.684749
0.67302
0.695884
0.688405
0.755095
0.742534
0.693428
0.702266
0.709101
0.690575
0.652483
0.718649
0.766955
0.688662
0.664251
0.668498
0.660517
0.6375
0.739243
0.736592
0.688382
0.65099
0.669878
0.512672
0.594375
0.719933
0.691282
0.676917
0.658052
0.633988
0.70651
0.797455
0.767376
0.715168
0.682078
0.661776
0.673728
0.781435
0.736713
0.698472
0.697109
0.694297
0.679263
0.680267
0.798799
0.822737
0.744251
0.747582
0.785109
0.757267
0.732641
0.766231
0.900786
0.800336
0.791622
0.753724
0.770273
0.729856
0.745884
0.804986
0.804404
0.795394
0.757706
0.792999
0.769734
0.862093
0.986518
0.850386
0.792538
0.767774
0.772627
0.731823
0.726598
0.712049
0.693869
0.714593
0.705018
0.678207
0.654106
0.645673
0.70959
0.696797
0.650077
0.67362
0.672773
0.678476
0.651136
0.651821
0.662984
0.647499
0.65351
0.647859
0.641847
0.671917
0.646908
0.656426
0.906442
0.884526
0.832346
0.804437
0.777324
0.800366
0.793537
0.785839
0.789839
0.789374
0.794718
0.781029
0.862696
0.86983
0.839068
0.774321
0.729836
0.700393
0.687558
0.692645
0.682249
0.664846
0.653563
0.647042
0.649283
0.63285
0.650608
0.650407
0.636871
0.631251
0.627757
0.608967
0.611421
0.63064
0.629763
0.62194
0.630428
0.67362
0.625924
0.626598
0.639966
0.636017
0.648836
0.6427
0.627217
0.599993
0.616278
0.642983
0.645146
0.651425
0.672042
0.721776
0.675312
0.660356
0.636105
0.638806
0.637435
0.625118
0.626995
0.712643
0.687592
0.649948
0.637002
0.619338
0.61256
0.600098
0.608655
0.60968
0.613917
0.625673
0.619037
0.604642
0.582106
0.586843
0.62257
0.646831
0.624966
0.606401
0.60418
0.581974
0.594675
0.595938
0.608686
0.608216
0.621992
0.608153
0.596085
0.598937
0.610387
0.617545
0.595569
0.601208
0.613389
0.618128
0.603947
0.594187
0.610936
0.614731
0.601104
0.600342
0.586885
0.615852
0.607266
0.653966
0.636849
0.612052
0.616815
0.589007
0.585296
0.595383
0.604873
0.592357
0.590956
0.586843
0.571768
0.580954
0.584957
0.5949
0.597506
0.58832
0.598511
0.592087
0.590206
0.60264
0.605787
0.623221
0.673402
0.65414
0.652697
0.624915
0.619447
0.62236
0.622124
0.61774
0.621781
0.605884
0.607837
0.626871
0.62085
0.632251
0.666306
0.694919
0.64497
0.644832
0.635443
0.616051
0.612172
0.628342
0.628971
0.632136
0.631532
0.633965
0.627757
0.618433
0.64152
0.70114
0.674282
0.685042
0.651857
0.666634
0.652644
0.632574
0.65314
0.648817
0.69495
0.701188
0.652162
0.638551
0.65275
0.646946
0.680441
0.735047
0.711924
0.668614
0.65891
0.651208
0.666738
0.659498
0.697958
0.666321
0.659237
0.680628
0.779483
0.676525
0.683515
0.765875
0.904115
0.749501
0.68367
0.675749
0.700642
0.680814
0.763404
0.748257
0.824497
0.681528
0.666366
0.732105
0.658383
0.743347
0.74774
0.675445
0.636039
0.64152
0.6625
0.647916
0.720745
0.766705
0.68758
0.661475
0.672084
0.703857
0.665542
0.764247
0.770786
0.694057
0.648574
0.641149
0.654001
0.64154
0.70334
0.708669
0.843182
0.683347
0.660098
0.660822
0.642234
0.742869
0.70813
0.674832
0.649911
0.649246
0.661237
0.664235
0.717676
0.812992
0.690989
0.675802
0.661507
0.666975
0.658433
0.75647
0.754044
0.687342
0.652928
0.661523
0.688674
0.644596
0.721188
0.709264
0.677745
0.648555
0.651262
0.64428
0.632804
0.714512
0.753933
0.673728
0.645654
0.673497
0.695094
0.653545
0.73696
0.769829
0.68883
0.670545
0.660211
0.681036
0.673606
0.727676
0.753252
0.75061
0.679465
0.683359
0.775338
0.680155
0.720232
0.721291
0.733828
0.684454
0.677448
0.656933
0.645381
0.724951
0.727649
0.684336
0.663124
0.65487
0.645829
0.639272
0.720537
0.751339
0.672346
0.670035
0.697868
0.675947
0.664189
0.738721
0.789527
0.709255
0.707183
0.704855
0.726742
0.719218
0.788739
0.738804
0.709307
0.705515
0.698463
0.711891
0.820586
0.895754
0.793443
0.722359
0.688606
0.679754
0.673715
0.658102
0.697739
0.780049
0.701006
0.689741
0.66828
0.664465
0.658416
0.664327
0.78652
0.673375
0.662594
0.660517
0.667711
0.665527
0.747756
0.780446
0.690466
0.663821
0.652572
0.638359
0.629953
0.625749
0.629452
0.625573
0.620797
0.610479
0.614441
0.60853
0.608936
0.620179
0.623247
0.615823
0.611179
0.612768
0.603548
0.598046
0.610571
0.637629
0.621037
0.616759
0.612709
0.602775
0.605494
0.609896
0.610142
0.610754
0.616533
0.603881
0.590523
0.584957
0.603881
0.607425
0.628875
0.652359
0.627733
0.61127
0.61525
0.610632
0.614121
0.640279
0.664815
0.624227
0.609588
0.656443
0.630215
0.612321
0.605527
0.605102
0.605037
0.604675
0.582326
0.602775
0.591309
0.597866
0.586802
0.57992
0.579375
0.587585
0.59475
0.597542
0.589048
0.628706
0.599467
0.573557
0.573409
0.582763
0.589569
0.589168
0.594675
0.6113
0.569162
0.586636
0.59801
0.601859
0.623661
0.621197
0.636061
0.621011
0.606755
0.646409
0.627118
0.605429
0.64055
0.614991
0.580819
0.587626
0.608467
0.601104
0.600585
0.601414
0.590166
0.565546
0.568327
0.581797
0.59072
0.592434
0.595309
0.591738
0.56467
0.558902
0.574241
0.589649
0.584361
0.590483
0.576591
0.547287
0.556616
0.56467
0.579965
0.58779
0.592627
0.578134
0.572169
0.567322
0.578734
0.586719
0.572319
0.566842
0.568484
0.567747
0.562776
0.589649
0.620717
0.592819
0.581797
0.570909
0.569732
0.576402
0.577949
0.581488
0.573508
0.567002
0.570246
0.567535
0.559786
0.567429
0.570757
0.575688
0.589048
0.593239
0.565818
0.565872
0.56885
0.566788
0.569887
0.584745
0.583847
0.553692
0.555941
0.570092
0.578273
0.586053
0.577577
0.581709
0.571163
0.572469
0.590246
0.59362
0.604014
0.618101
0.590877
0.577437
0.576921
0.591426
0.516547
0.595272
0.609309
0.594225
0.664005
0.663944
0.611149
0.606819
0.590206
0.579055
0.5946
0.585927
0.601311
0.615994
0.674066
0.645751
0.633033
0.616928
0.609371
0.610601
0.605364
0.604576
0.606369
0.598902
0.600585
0.634618
0.642417
0.618156
0.6079
0.608655
0.608121
0.587339
0.659644
0.60653
0.59689
0.607584
0.620179
0.622282
0.6079
0.677461
0.620179
0.630215
0.625673
0.667886
0.846273
0.715549
0.712297
0.764645
0.682576
0.662312
0.679528
0.694453
0.663974
0.810787
0.804639
0.711966
0.662328
0.652786
0.650827
0.632827
0.679704
0.680005
0.842213
0.829711
0.766689
0.691864
0.69494
0.752516
0.791134
0.726872
0.71436
0.691152
0.667769
0.679553
0.774774
0.796991
0.716377
0.680888
0.683095
0.716901
0.663836
0.705054
0.733489
0.702838
0.708174
0.735447
0.709324
0.685206
0.716791
0.859913
0.726066
0.675564
0.667608
0.656663
0.637521
0.705272
0.721607
0.661776
0.637305
0.630191
0.6261
0.619037
0.653791
0.6843
0.646312
0.631997
0.640653
0.634998
0.609433
0.667403
0.748153
0.694639
0.651172
0.647003
0.671875
0.658052
0.693238
0.845933
0.712643
0.656933
0.657252
0.6673
0.651714
0.680017
0.808649
0.6779
0.637931
0.639966
0.644141
0.635951
0.686736
0.763262
0.730852
0.699111
0.667813
0.660694
0.678921
0.694203
0.751289
0.690038
0.662375
0.671903
0.716346
0.693079
0.702632
0.719066
0.6924
0.672773
0.632827
0.645439
0.630357
0.740949
0.770988
0.69569
0.667784
0.67845
0.66079
0.662092
0.723926
0.789784
0.714352
0.687773
0.687558
0.694577
0.692261
0.669635
0.6999
0.685533
0.689209
0.695197
0.689109
0.832375
0.880189
0.765755
0.747666
0.758587
0.753159
0.734403
0.89545
0.932281
0.820642
0.778741
0.75761
0.768012
0.72944
0.738751
0.789239
0.778395
0.780954
0.808016
0.813673
0.7971
0.915447
1
0.838102
0.766359
0.723168
0.708608
0.684666
0.671248
0.655283
0.646927
0.641108
0.632941
0.617097
0.603981
0.601448
0.609896
0.613712
0.61608
0.616928
0.603514
0.584489
0.588279
0.607361
0.598117
0.621516
0.611179
0.598189
0.571163
0.576307
0.612441
0.614818
0.590365
0.600481
0.614121
0.570246
0.582938
0.587994
0.597035
0.621808
0.623066
0.595569
0.582763
0.579874
0.59123
0.592357
0.587544
0.592972
0.59123
0.571869
0.576117
0.629977
0.616787
0.598653
0.656899
0.605787
0.568902
0.565274
0.578917
0.586926
0.590444
0.59228
0.581043
0.557103
0.582851
0.579829
0.581488
0.578826
0.585507
0.576827
0.557042
0.555633
0.573114
0.585127
0.592934
0.583458
0.575401
0.558486
0.629834
0.585
0.610723
0.598689
0.609866
0.597614
0.564229
0.576212
0.598937
0.609185
0.592511
0.584873
0.597506
0.563617
0.595901
0.63358
0.651911
0.615078
0.624585
0.681122
0.629092
0.599713
0.612471
0.608686
0.604113
0.596817
0.594262
0.572219
0.590759
0.615737
0.611421
0.595235
0.583155
0.585633
0.54763
0.549992
0.562776
0.584447
0.646984
0.623816
0.583588
0.609619
0.556677
0.576874
0.593998
0.58193
0.590681
0.564062
0.552928
0.552992
0.559903
0.576117
0.579101
0.599993
0.572169
0.569989
0.567109
0.573508
0.565709
0.56238
0.56221
0.572269
0.542971
0.548245
0.582326
0.560718
0.562323
0.553692
0.551049
0.535973
0.535093
0.601173
0.583545
0.562323
0.566089
0.551049
0.533548
0.539475
0.557042
0.56937
0.56255
0.596012
0.586926
0.561238
0.564339
0.5678
0.585296
0.577763
0.640133
0.583242
0.56238
0.564835
0.579829
0.595901
0.597144
0.616815
0.607234
0.580416
0.573114
0.639314
0.641129
0.616618
0.602877
0.589888
0.589007
0.596122
0.643804
0.607393
0.593354
0.599397
0.627291
0.594787
0.609989
0.651803
0.670162
0.636522
0.625598
0.619092
0.605981
0.628464
0.644557
0.638231
0.622753
0.613946
0.61005
0.621144
0.663078
0.650462
0.617461
0.610019
0.664541
0.624788
0.620609
0.651875
0.642437
0.657436
0.661078
0.688044
0.628633
0.681122
0.833083
0.783076
0.684466
0.678335
0.704945
0.671108
0.775405
0.755722
0.715858
0.670545
0.691929
0.701833
0.638231
0.713192
0.747855
0.657201
0.634976
0.637088
0.688033
0.639293
0.648892
0.668686
0.677319
0.643464
0.644102
0.651244
0.625472
0.718588
0.775658
0.688539
0.675113
0.653913
0.667901
0.624329
0.708937
0.734688
0.661745
0.647118
0.648067
0.659807
0.63838
0.677254
0.877612
0.74786
0.691119
0.682346
0.767229
0.656528
0.685265
0.730284
0.681908
0.665933
0.659221
0.664082
0.626274
0.707588
0.735918
0.705163
0.642922
0.637478
0.637931
0.598902
0.645303
0.703126
0.652519
0.639693
0.632436
0.626374
0.589489
0.653756
0.678105
0.642275
0.622124
0.623144
0.62902
0.586011
0.638487
0.706358
0.639441
0.620233
0.632712
0.619119
0.596781
0.620044
0.711633
0.645068
0.644773
0.646158
0.652928
0.600133
0.631368
0.680764
0.653193
0.632043
0.641088
0.63104
0.600307
0.655831
0.688841
0.661109
0.636281
0.630688
0.609773
0.585591
0.615737
0.651172
0.705281
0.636675
0.623996
0.630758
0.608278
0.652928
0.680962
0.64708
0.616759
0.610784
0.646235
0.65668
0.695475
0.691896
0.67443
0.66165
0.655283
0.659482
0.646639
0.76958
0.832505
0.759741
0.709135
0.68496
0.683682
0.656189
0.69113
0.759678
0.696837
0.674188
0.668251
0.653598
0.616787
0.62938
0.650663
0.646351
0.644359
0.651027
0.669292
0.629044
0.703247
0.800454
0.721834
0.67831
0.640902
0.613712
0.608153
0.617377
0.65499
0.634909
0.611602
0.615709
0.607869
0.584404
0.638594
0.608842
0.607457
0.604113
0.599643
0.627487
0.572169
0.582545
0.586967
0.599114
0.584104
0.575879
0.548177
0.548989
0.573114
0.593392
0.606787
0.655951
0.61625
0.563282
0.56095
0.588198
0.590246
0.598046
0.592125
0.599643
0.556677
0.54804
0.571264
0.582589
0.572269
0.577856
0.567588
0.53062
0.537938
0.569887
0.622071
0.600377
0.566895
0.568693
0.537549
0.612857
0.551572
0.565981
0.561525
0.557827
0.561468
0.531636
0.529417
0.557163
0.548448
0.552026
0.563114
0.566681
0.521302
0.54708
0.558486
0.562267
0.571112
0.573064
0.565383
0.530192
0.56968
0.594713
0.576449
0.589449
0.582676
0.570808
0.560892
0.551962
0.570297
0.572568
0.580954
0.589048
0.603246
0.556126
0.537079
0.570655
0.562096
0.602302
0.573163
0.567535
0.547904
0.539627
0.568693
0.598296
0.582194
0.565872
0.568954
0.524687
0.529762
0.556003
0.559434
0.555818
0.682005
0.644478
0.578917
0.557345
0.548109
0.558486
0.577015
0.564835
0.567056
0.523575
0.539627
0.550654
0.56066
0.557707
0.550125
0.537627
0.519749
0.50734
0.548245
0.548245
0.538479
0.549392
0.53363
0.517157
0.507913
0.53637
0.53917
0.545265
0.535012
0.53637
0.501492
0.532056
0.566089
0.550918
0.571668
0.567588
0.566035
0.580281
0.520917
0.54202
0.546178
0.528634
0.530875
0.515207
0.503932
0.505948
0.533957
0.535654
0.544698
0.556738
0.560195
0.522162
0.543551
0.554887
0.551832
0.56037
0.629787
0.575545
0.548787
0.560079
0.579238
0.57739
0.581797
0.575449
0.559316
0.534365
0.531972
0.567269
0.562323
0.563896
0.568746
0.569577
0.541651
0.531299
0.55902
0.566412
0.565981
0.60906
0.57753
0.545477
0.550588
0.565546
0.591776
0.588279
0.590206
0.567429
0.570604
0.562096
0.578458
0.60328
0.593923
0.601757
0.609029
0.562493
0.582018
0.612082
0.618763
0.604807
0.590008
0.587626
0.567588
0.606369
0.596012
0.586511
0.596671
0.627904
0.634348
0.601345
0.600724
0.59765
0.614557
0.628947
0.63778
0.674497
0.610632
0.683371
0.705136
0.655558
0.628342
0.654228
0.756755
0.631602
0.656257
0.665451
0.647859
0.623377
0.632066
0.668076
0.592357
0.6548
0.742679
0.666277
0.633965
0.622045
0.6138
0.580685
0.651929
0.679301
0.628585
0.607202
0.603246
0.616477
0.572618
0.636193
0.643043
0.610784
0.602505
0.609526
0.573015
0.645984
0.680466
0.653633
0.605462
0.617572
0.611842
0.618239
0.638145
0.656121
0.627143
0.608027
0.606111
0.631181
0.593239
0.629953
0.731099
0.658002
0.630072
0.622045
0.648274
0.594787
0.660581
0.713298
0.637392
0.609216
0.619664
0.597217
0.557586
0.615107
0.749941
0.688752
0.652555
0.635531
0.626846
0.588563
0.64268
0.675099
0.646582
0.627315
0.612798
0.637931
0.590917
0.624406
0.945739
0.896962
0.678131
0.627093
0.629068
0.580595
0.623816
0.661396
0.621251
0.605429
0.642983
0.612321
0.569058
0.600793
0.647594
0.641149
0.607742
0.590956
0.586053
0.558247
0.614267
0.650754
0.631321
0.605233
0.571919
0.568379
0.554261
0.69113
0.720075
0.719865
0.653193
0.623092
0.590759
0.609123
0.642133
0.72354
0.66696
0.650169
0.645751
0.645322
0.606046
0.644655
0.659368
0.633238
0.627953
0.624559
0.624431
0.608498
0.721885
0.804388
0.710364
0.692111
